"","Q22001","Q22002","Q22003","Q22004","Q22005","Q22006","Q22007","Q22008","Q22009","Q22010","Q22011","Q22012","Q22013","Q22014","Q22015","Q22016","Q22017","Q22018","Q22019","Q22020","Q22021","Q22022","Q22023","Q22024","Q22025","Q22026","Q22027","Q22028","Q22029","Q22030","Q22031","Q22032","Q22033","Q22034","Q22035","Q22036","Q22037","Q22038","Q22039","Q22040","Q22041","Q22042","Q22043","Q22044","Q22045","Q22046","Q22047","Q22048","Q22049","Q22050","Q22051","Q22052","Q22053","Q22054","Q22055","Q22056","Q22057","Q22058","Q22059","Q22060","Q22061","Q22062","Q22063","Q22064","Q22065","Q22066","Q22067","Q22068","Q22069","Q22070","Q22071","Q22072","Q22073","Q22074","Q22075","Q22076","Q22077","Q22078","Q22079","Q22080","Q22081","Q22082","Q22083","Q22084","Q22085","Q22086","Q22087","Q22088","Q22089","Q22090","Q22091","Q22092","Q22093","Q22094","Q22095","Q22096","Q22097","Q22098","Q22099","Q22100","Q22101"
"Q22001",1.015625,0.0859375,0.06640625,0.3515625,0.14453125,0.25,0.18359375,0.30859375,0.2265625,0.2421875,0.2109375,0.1171875,0.3671875,0.140625,0.1328125,0.03125,0.046875,0.13671875,0.05078125,0.08984375,0.05859375,0.078125,0.076171875,0.1640625,0.08203125,0.07421875,0.12890625,0.06640625,0.07421875,0.09375,0.06640625,0.05859375,0.09375,0.0859375,0.1162109375,0.0849609375,0.03125,0.0390625,0.046875,0.19140625,0.1875,0.078125,0.0068359375,0.0625,0.08203125,0.1279296875,0.07421875,0.0234375,0.125,0.125,0.0234375,0.0390625,0.0390625,0.1328125,0.0859375,0.03515625,0.0380859375,0.0419921875,0.14453125,0.0302734375,0.0234375,0.02734375,0.02734375,0.08984375,0.125,0.01171875,0.03125,0.0771484375,0.0341796875,0.109375,0.0546875,0.1171875,0.11328125,0.1171875,0.09375,0.05859375,0.0703125,0.03125,0.1015625,0.0302734375,0.0380859375,0.04296875,0.03515625,0.046875,0.0390625,0.0732421875,0.0732421875,0.05859375,0.05859375,0.0498046875,0.0654296875,0.04296875,0.296875,0.27734375,0.046875,0.10546875,0.0625,0.0625,0.09375,0.0703125,0.1328125
"Q22002",0.0859375,1,0.322265625,0.0625,0.078125,0.1015625,0.0908203125,0.0625,0.34375,0.09765625,0.1611328125,0.142578125,0.09765625,0.1337890625,0.08984375,0.1845703125,0.150390625,0.1064453125,0.1484375,0.12890625,0.1923828125,0.1298828125,0.044921875,0.1630859375,0.2216796875,0.0986328125,0.1357421875,0.14453125,0.1689453125,0.1162109375,0.05859375,0.076171875,0.109375,0.1552734375,0.0830078125,0.12890625,0.1123046875,0.0556640625,0.109375,0.103515625,0.2099609375,0.1640625,0.037109375,0.169921875,0.1083984375,0.16796875,0.1455078125,0.0234375,0.09375,0.09375,0.0830078125,0.162109375,0.0673828125,0.1298828125,0.095703125,0.037109375,0.103515625,0.1005859375,0.181640625,0.0478515625,0.046875,0.126953125,0.0908203125,0.1669921875,0.1328125,0.00390625,0.021484375,0.126953125,0.1201171875,0.0751953125,0.099609375,0.1103515625,0.0673828125,0.1103515625,0.04296875,0.1162109375,0.0712890625,0.03515625,0.0546875,0.009765625,0.017578125,0.08203125,0.046875,0.1015625,0.12890625,0.0361328125,0.0361328125,0.1103515625,0.146484375,0.0830078125,0.095703125,0.041015625,0.1123046875,0.03515625,0.103515625,0.3330078125,0.078125,0.033203125,0.078125,0.1484375,0.076171875
"Q22003",0.06640625,0.322265625,1,0.04296875,0.26953125,0.0625,0.0546875,0.2734375,0.08203125,0.0546875,0.1416015625,0.0556640625,0.0546875,0.1103515625,0.08984375,0.1103515625,0.126953125,0.11328125,0.16796875,0.1015625,0.1884765625,0.1533203125,0.142578125,0.1201171875,0.1982421875,0.0947265625,0.2294921875,0.1171875,0.1416015625,0.1123046875,0.1484375,0.052734375,0.15625,0.1787109375,0.0478515625,0.11328125,0.1123046875,0.0595703125,0.02734375,0.064453125,0.1396484375,0.14453125,0.041015625,0.189453125,0.0966796875,0.1328125,0.0986328125,0.03125,0.0546875,0.06640625,0.0517578125,0.126953125,0.0673828125,0.0830078125,0.056640625,0.0478515625,0.1220703125,0.0380859375,0.064453125,0.0205078125,0.0234375,0.056640625,0.0283203125,0.1396484375,0.0703125,0.03125,0.0556640625,0.099609375,0.1240234375,0.0947265625,0.080078125,0.0556640625,0.0869140625,0.0556640625,0.08203125,0.1240234375,0.09375,0.02734375,0.078125,0.0244140625,0.0322265625,0.02734375,0.03515625,0.078125,0.06640625,0.0517578125,0.0517578125,0.0478515625,0.048828125,0.0244140625,0.072265625,0.068359375,0.0927734375,0.03125,0.056640625,0.0869140625,0.0234375,0.033203125,0.0546875,0.1484375,0.072265625
"Q22004",0.3515625,0.0625,0.04296875,1.1328125,0.34375,0.3515625,0.34375,0.34375,0.08203125,0.18359375,0.0859375,0.05859375,0.18359375,0.19921875,0.23046875,0.0390625,0.08203125,0.109375,0.08984375,0.15625,0.05859375,0.05859375,0.064453125,0.171875,0.03125,0.11328125,0.0390625,0.06640625,0.08984375,0.0234375,0.0390625,0.0859375,0.1640625,0.1171875,0.0986328125,0.0322265625,0.015625,0.03515625,0.046875,0.109375,0.171875,0.0234375,0.0087890625,0.09765625,0.05859375,0.1181640625,0.11328125,0.015625,0.15625,0.09765625,0.0234375,0.0390625,0.0234375,0.16015625,0.05078125,0.03125,0.0478515625,0.0400390625,0.1796875,0.0322265625,0.0234375,0.03125,0.03125,0.10546875,0.140625,0.01171875,0.03125,0.0712890625,0.0439453125,0.16796875,0.0390625,0.0546875,0.03515625,0.0546875,0.15234375,0.0390625,0.0390625,0.02734375,0.1640625,0.0244140625,0.0283203125,0.0390625,0.0234375,0.0546875,0.05078125,0.0712890625,0.0712890625,0.05859375,0.0546875,0.0478515625,0.0634765625,0.02734375,0.05859375,0.3203125,0.04296875,0.07421875,0.04296875,0.046875,0.10546875,0.07421875,0.09765625
"Q22005",0.14453125,0.078125,0.26953125,0.34375,1.0390625,0.33984375,0.32421875,0.34375,0.1484375,0.1640625,0.078125,0.08984375,0.1640625,0.1015625,0.24609375,0.0390625,0.10546875,0.20703125,0.15625,0.09765625,0.01171875,0.1875,0.185546875,0.140625,0.05078125,0.18359375,0.17578125,0.0390625,0.1328125,0.04296875,0.171875,0.12109375,0.3046875,0.16015625,0.1337890625,0.0556640625,0.0390625,0.015625,0.06640625,0.15234375,0.16015625,0.05078125,0.0126953125,0.15234375,0.0625,0.1533203125,0.1875,0.0390625,0.140625,0.15234375,0.0390625,0.03515625,0.046875,0.140625,0.08984375,0.05078125,0.0595703125,0.0634765625,0.16796875,0.0439453125,0.04296875,0.0390625,0.04296875,0.1328125,0.1484375,0.0390625,0.0625,0.0634765625,0.0322265625,0.1796875,0.06640625,0.0859375,0.078125,0.0859375,0.16015625,0.0546875,0.12109375,0.05078125,0.171875,0.0361328125,0.0439453125,0.0625,0.0546875,0.0703125,0.05859375,0.0634765625,0.0634765625,0.08203125,0.08984375,0.0634765625,0.0869140625,0.06640625,0.09375,0.0859375,0.0859375,0.109375,0.0625,0.06640625,0.14453125,0.03125,0.15234375
"Q22006",0.25,0.1015625,0.0625,0.3515625,0.33984375,1.0546875,0.37890625,0.13671875,0.40234375,0.40234375,0.3125,0.14453125,0.27734375,0.11328125,0.21484375,0.046875,0.11328125,0.21484375,0.1171875,0.10546875,0.015625,0.10546875,0.09765625,0.1953125,0.09765625,0.15625,0.14453125,0.0546875,0.140625,0.09375,0.07421875,0.12109375,0.2265625,0.125,0.189453125,0.099609375,0.03125,0.01171875,0.078125,0.26953125,0.21875,0.09375,0.005859375,0.11328125,0.0625,0.212890625,0.15625,0.0234375,0.1484375,0.20703125,0.0390625,0.0390625,0.0390625,0.15234375,0.11328125,0.02734375,0.044921875,0.064453125,0.18359375,0.044921875,0.0390625,0.04296875,0.04296875,0.140625,0.171875,0.015625,0.03125,0.091796875,0.029296875,0.13671875,0.078125,0.140625,0.125,0.140625,0.09765625,0.05078125,0.0859375,0.05078125,0.125,0.029296875,0.041015625,0.07421875,0.05859375,0.0625,0.05078125,0.064453125,0.064453125,0.09375,0.09765625,0.080078125,0.095703125,0.046875,0.19921875,0.09765625,0.07421875,0.1484375,0.09765625,0.09375,0.16796875,0.03515625,0.20703125
"Q22007",0.18359375,0.0908203125,0.0546875,0.34375,0.32421875,0.37890625,1.0390625,0.12890625,0.2001953125,0.20703125,0.12109375,0.318359375,0.20703125,0.109375,0.19921875,0.0458984375,0.1025390625,0.37890625,0.1064453125,0.1025390625,0.0166015625,0.095703125,0.0859375,0.18359375,0.0908203125,0.1416015625,0.078125,0.0517578125,0.1259765625,0.0517578125,0.0830078125,0.1259765625,0.203125,0.11328125,0.177734375,0.095703125,0.0400390625,0.0244140625,0.0830078125,0.1953125,0.203125,0.0908203125,0.0146484375,0.1025390625,0.056640625,0.193359375,0.142578125,0.0517578125,0.14453125,0.1953125,0.044921875,0.041015625,0.041015625,0.1298828125,0.087890625,0.1025390625,0.099609375,0.0615234375,0.1689453125,0.0537109375,0.0556640625,0.0458984375,0.052734375,0.1259765625,0.158203125,0.03125,0.09375,0.0693359375,0.0302734375,0.1259765625,0.056640625,0.080078125,0.0517578125,0.080078125,0.1142578125,0.05078125,0.1416015625,0.06640625,0.125,0.099609375,0.103515625,0.076171875,0.0634765625,0.056640625,0.0498046875,0.064453125,0.064453125,0.087890625,0.091796875,0.078125,0.0732421875,0.0546875,0.1298828125,0.0869140625,0.0712890625,0.119140625,0.080078125,0.0595703125,0.1455078125,0.0322265625,0.13671875
"Q22008",0.30859375,0.0625,0.2734375,0.34375,0.34375,0.13671875,0.12890625,1.015625,0.09765625,0.12890625,0.1015625,0.0625,0.12890625,0.12890625,0.1640625,0.0234375,0.0390625,0.12890625,0.08984375,0.08203125,0.0546875,0.16015625,0.1640625,0.109375,0.03515625,0.1015625,0.16015625,0.05078125,0.06640625,0.04296875,0.1640625,0.05859375,0.171875,0.12109375,0.060546875,0.041015625,0.0390625,0.04296875,0.03515625,0.07421875,0.12890625,0.03515625,0.013671875,0.1015625,0.08203125,0.068359375,0.10546875,0.0390625,0.1171875,0.0703125,0.0234375,0.03515625,0.046875,0.12109375,0.0625,0.05859375,0.052734375,0.041015625,0.12890625,0.029296875,0.02734375,0.0234375,0.02734375,0.08203125,0.1015625,0.03515625,0.0625,0.048828125,0.037109375,0.15234375,0.04296875,0.0625,0.06640625,0.0625,0.15625,0.0625,0.10546875,0.03125,0.1484375,0.037109375,0.041015625,0.03125,0.03125,0.0546875,0.046875,0.072265625,0.072265625,0.046875,0.05078125,0.033203125,0.056640625,0.0625,0.06640625,0.265625,0.05859375,0.06640625,0.02734375,0.03515625,0.0703125,0.06640625,0.078125
"Q22009",0.2265625,0.34375,0.08203125,0.08203125,0.1484375,0.40234375,0.2001953125,0.09765625,1.125,0.390625,0.34765625,0.2353515625,0.265625,0.06640625,0.1484375,0.10546875,0.09375,0.2275390625,0.09765625,0.05859375,0.015625,0.18359375,0.099609375,0.17578125,0.125,0.1484375,0.171875,0.06640625,0.14453125,0.1171875,0.109375,0.1171875,0.1875,0.10546875,0.1865234375,0.1240234375,0.0546875,0.015625,0.1484375,0.2734375,0.24609375,0.125,0.0068359375,0.09765625,0.09765625,0.1982421875,0.1953125,0.0390625,0.1484375,0.20703125,0.0703125,0.0703125,0.0625,0.16015625,0.1640625,0.0439453125,0.03125,0.1279296875,0.25,0.0693359375,0.06640625,0.10546875,0.1015625,0.14453125,0.1953125,0.01171875,0.0283203125,0.0966796875,0.0185546875,0.1015625,0.1015625,0.203125,0.13671875,0.203125,0.0625,0.06640625,0.1298828125,0.0625,0.0859375,0.02734375,0.0390625,0.12109375,0.078125,0.0859375,0.109375,0.0498046875,0.0498046875,0.14453125,0.19140625,0.1240234375,0.1123046875,0.0546875,0.2265625,0.046875,0.13671875,0.38671875,0.13671875,0.08203125,0.15625,0.02734375,0.19140625
"Q22010",0.2421875,0.09765625,0.0546875,0.18359375,0.1640625,0.40234375,0.20703125,0.12890625,0.390625,1.0390625,0.3046875,0.14453125,0.4375,0.28125,0.33984375,0.0546875,0.07421875,0.16796875,0.078125,0.27734375,0.01953125,0.1015625,0.078125,0.359375,0.09765625,0.16015625,0.1328125,0.1015625,0.09375,0.09375,0.0703125,0.08203125,0.140625,0.08203125,0.146484375,0.099609375,0.03515625,0.01953125,0.12890625,0.21875,0.2109375,0.09375,0.013671875,0.0703125,0.05859375,0.154296875,0.1171875,0.02734375,0.13671875,0.15234375,0.046875,0.04296875,0.04296875,0.1484375,0.12109375,0.03125,0.033203125,0.068359375,0.1796875,0.052734375,0.05078125,0.05078125,0.0546875,0.09375,0.125,0.03515625,0.04296875,0.091796875,0.021484375,0.1328125,0.07421875,0.1484375,0.12890625,0.1484375,0.1015625,0.0625,0.08203125,0.09765625,0.171875,0.033203125,0.037109375,0.08203125,0.0546875,0.05859375,0.0546875,0.044921875,0.044921875,0.09375,0.1015625,0.083984375,0.083984375,0.0546875,0.1796875,0.1015625,0.0859375,0.1328125,0.11328125,0.07421875,0.11328125,0.0234375,0.16796875
"Q22011",0.2109375,0.1611328125,0.1416015625,0.0859375,0.078125,0.3125,0.12109375,0.1015625,0.34765625,0.3046875,1.015625,0.11328125,0.1796875,0.3125,0.06640625,0.0439453125,0.064453125,0.1328125,0.0634765625,0.0439453125,0.3095703125,0.0703125,0.064453125,0.1181640625,0.115234375,0.0703125,0.1416015625,0.1298828125,0.087890625,0.1064453125,0.05859375,0.0556640625,0.0859375,0.1455078125,0.1123046875,0.09765625,0.0439453125,0.1015625,0.04296875,0.1884765625,0.1416015625,0.1103515625,0.0185546875,0.13671875,0.1416015625,0.140625,0.06640625,0.01953125,0.0625,0.125,0.03515625,0.11328125,0.046875,0.08203125,0.0830078125,0.02734375,0.046875,0.03515625,0.0791015625,0.0224609375,0.01953125,0.0390625,0.0234375,0.1494140625,0.1640625,0.01171875,0.02734375,0.1357421875,0.1083984375,0.04296875,0.06640625,0.11328125,0.125,0.11328125,0.0234375,0.1220703125,0.06640625,0.03125,0.03515625,0.0263671875,0.0341796875,0.0390625,0.03515625,0.0439453125,0.0361328125,0.1162109375,0.1162109375,0.05078125,0.0517578125,0.0419921875,0.0693359375,0.0400390625,0.1923828125,0.07421875,0.0439453125,0.12109375,0.0625,0.0634765625,0.08984375,0.3251953125,0.1337890625
"Q22012",0.1171875,0.142578125,0.0556640625,0.05859375,0.08984375,0.14453125,0.318359375,0.0625,0.2353515625,0.14453125,0.11328125,1.03515625,0.14453125,0.0546875,0.09765625,0.34765625,0.1240234375,0.330078125,0.126953125,0.115234375,0.083984375,0.322265625,0.0546875,0.1298828125,0.1591796875,0.1572265625,0.0712890625,0.115234375,0.0966796875,0.072265625,0.0947265625,0.099609375,0.109375,0.0673828125,0.126953125,0.0966796875,0.064453125,0.0400390625,0.1376953125,0.1416015625,0.1455078125,0.107421875,0.0302734375,0.0712890625,0.0771484375,0.1279296875,0.205078125,0.0712890625,0.078125,0.13671875,0.080078125,0.076171875,0.072265625,0.0830078125,0.1083984375,0.1357421875,0.0986328125,0.109375,0.158203125,0.0732421875,0.0830078125,0.1708984375,0.169921875,0.095703125,0.134765625,0.0390625,0.107421875,0.0615234375,0.0302734375,0.0869140625,0.083984375,0.181640625,0.0556640625,0.181640625,0.0791015625,0.0556640625,0.1552734375,0.0703125,0.07421875,0.09765625,0.09375,0.107421875,0.0673828125,0.1005859375,0.1796875,0.033203125,0.033203125,0.130859375,0.1591796875,0.1015625,0.0732421875,0.0517578125,0.119140625,0.0400390625,0.119140625,0.158203125,0.099609375,0.041015625,0.0986328125,0.029296875,0.0830078125
"Q22013",0.3671875,0.09765625,0.0546875,0.18359375,0.1640625,0.27734375,0.20703125,0.12890625,0.265625,0.4375,0.1796875,0.14453125,1.0390625,0.28125,0.33984375,0.0546875,0.07421875,0.16796875,0.078125,0.27734375,0.01953125,0.1015625,0.078125,0.359375,0.09765625,0.16015625,0.1328125,0.1015625,0.09375,0.09375,0.0703125,0.08203125,0.140625,0.08203125,0.146484375,0.099609375,0.03515625,0.01953125,0.12890625,0.21875,0.2109375,0.09375,0.013671875,0.0703125,0.05859375,0.154296875,0.1171875,0.02734375,0.13671875,0.15234375,0.046875,0.04296875,0.04296875,0.1484375,0.12109375,0.03125,0.033203125,0.068359375,0.1796875,0.052734375,0.05078125,0.05078125,0.0546875,0.09375,0.125,0.03515625,0.04296875,0.091796875,0.021484375,0.1328125,0.07421875,0.1484375,0.12890625,0.1484375,0.1015625,0.0625,0.08203125,0.09765625,0.171875,0.033203125,0.037109375,0.08203125,0.0546875,0.05859375,0.0546875,0.044921875,0.044921875,0.09375,0.1015625,0.083984375,0.083984375,0.0546875,0.3046875,0.1015625,0.0859375,0.1328125,0.11328125,0.07421875,0.11328125,0.0234375,0.16796875
"Q22014",0.140625,0.1337890625,0.1103515625,0.19921875,0.1015625,0.11328125,0.109375,0.12890625,0.06640625,0.28125,0.3125,0.0546875,0.28125,1.0078125,0.2890625,0.0595703125,0.060546875,0.05859375,0.0634765625,0.2822265625,0.3134765625,0.046875,0.033203125,0.2900390625,0.064453125,0.11328125,0.0400390625,0.1767578125,0.056640625,0.0361328125,0.02734375,0.0439453125,0.0703125,0.1337890625,0.0517578125,0.044921875,0.0322265625,0.10546875,0.09375,0.0556640625,0.1181640625,0.0556640625,0.0283203125,0.12890625,0.1142578125,0.072265625,0.06640625,0.015625,0.08203125,0.04296875,0.04296875,0.1171875,0.03515625,0.10546875,0.0556640625,0.02734375,0.044921875,0.037109375,0.1103515625,0.0322265625,0.03125,0.05078125,0.0390625,0.1181640625,0.1328125,0.03125,0.0390625,0.1298828125,0.1103515625,0.09765625,0.046875,0.05859375,0.05078125,0.05859375,0.0859375,0.1142578125,0.03125,0.07421875,0.14453125,0.0244140625,0.0205078125,0.04296875,0.01953125,0.0478515625,0.0517578125,0.0947265625,0.0947265625,0.05078125,0.0517578125,0.0439453125,0.0556640625,0.0322265625,0.0595703125,0.12109375,0.0517578125,0.07421875,0.05859375,0.0283203125,0.046875,0.3173828125,0.0595703125
"Q22015",0.1328125,0.08984375,0.08984375,0.23046875,0.24609375,0.21484375,0.19921875,0.1640625,0.1484375,0.33984375,0.06640625,0.09765625,0.33984375,0.2890625,1.0625,0.0625,0.12890625,0.33984375,0.3046875,0.2890625,0.015625,0.14453125,0.1171875,0.32421875,0.05078125,0.39453125,0.10546875,0.10546875,0.1328125,0.02734375,0.1015625,0.1328125,0.46875,0.1796875,0.140625,0.05078125,0.01953125,0.015625,0.14453125,0.15234375,0.15234375,0.046875,0.01171875,0.171875,0.05078125,0.15625,0.2265625,0.01953125,0.1171875,0.140625,0.0546875,0.05078125,0.04296875,0.140625,0.11328125,0.03515625,0.046875,0.0859375,0.1875,0.05859375,0.05859375,0.05859375,0.0625,0.1328125,0.15625,0.03515625,0.05078125,0.09375,0.02734375,0.1953125,0.078125,0.09375,0.0703125,0.09375,0.16015625,0.05859375,0.05859375,0.1015625,0.2421875,0.0234375,0.0234375,0.09375,0.05078125,0.078125,0.078125,0.0390625,0.0390625,0.10546875,0.12890625,0.09375,0.1015625,0.05078125,0.078125,0.08984375,0.10546875,0.12109375,0.11328125,0.06640625,0.13671875,0.02734375,0.16015625
"Q22016",0.03125,0.1845703125,0.1103515625,0.0390625,0.0390625,0.046875,0.0458984375,0.0234375,0.10546875,0.0546875,0.0439453125,0.34765625,0.0546875,0.0595703125,0.0625,1.142578125,0.361328125,0.0458984375,0.3583984375,0.3662109375,0.35546875,0.3408203125,0.01171875,0.125,0.4208984375,0.1845703125,0.08984375,0.2314453125,0.1279296875,0.109375,0.04296875,0.0615234375,0.0546875,0.1015625,0.0390625,0.09765625,0.11328125,0.0517578125,0.109375,0.0498046875,0.1171875,0.1337890625,0.0517578125,0.087890625,0.07421875,0.10546875,0.2314453125,0.0390625,0.03125,0.03515625,0.0908203125,0.107421875,0.0751953125,0.0712890625,0.0771484375,0.07421875,0.1171875,0.0927734375,0.1123046875,0.0546875,0.0625,0.248046875,0.2197265625,0.078125,0.078125,0.03125,0.05859375,0.0634765625,0.068359375,0.0908203125,0.111328125,0.2158203125,0.0556640625,0.2158203125,0.0546875,0.0546875,0.0498046875,0.0390625,0.0546875,0.0185546875,0.0146484375,0.08203125,0.0390625,0.1494140625,0.2744140625,0.00390625,0.00390625,0.1259765625,0.1318359375,0.07421875,0.0712890625,0.0380859375,0.0625,0.03515625,0.1005859375,0.1259765625,0.07421875,0.0341796875,0.05078125,0.0673828125,0.0419921875
"Q22017",0.046875,0.150390625,0.126953125,0.08203125,0.10546875,0.11328125,0.1025390625,0.0390625,0.09375,0.07421875,0.064453125,0.1240234375,0.07421875,0.060546875,0.12890625,0.361328125,1.01171875,0.1220703125,0.359375,0.30078125,0.291015625,0.126953125,0.046875,0.13671875,0.3671875,0.193359375,0.1171875,0.177734375,0.353515625,0.09375,0.0390625,0.279296875,0.1875,0.171875,0.1015625,0.10546875,0.08984375,0.037109375,0.06640625,0.134765625,0.1328125,0.130859375,0.033203125,0.140625,0.11328125,0.1875,0.189453125,0.015625,0.04296875,0.109375,0.060546875,0.078125,0.041015625,0.064453125,0.126953125,0.0302734375,0.1123046875,0.107421875,0.134765625,0.03515625,0.0390625,0.125,0.103515625,0.17578125,0.109375,0.0234375,0.0380859375,0.080078125,0.06640625,0.083984375,0.08984375,0.119140625,0.056640625,0.119140625,0.03515625,0.11328125,0.0400390625,0.04296875,0.0625,0.0166015625,0.0205078125,0.0625,0.04296875,0.103515625,0.142578125,0.03125,0.03125,0.087890625,0.134765625,0.05859375,0.072265625,0.041015625,0.1015625,0.0234375,0.119140625,0.103515625,0.07421875,0.076171875,0.10546875,0.087890625,0.294921875
"Q22018",0.13671875,0.1064453125,0.11328125,0.109375,0.20703125,0.21484375,0.37890625,0.12890625,0.2275390625,0.16796875,0.1328125,0.330078125,0.16796875,0.05859375,0.33984375,0.0458984375,0.1220703125,1.0546875,0.2939453125,0.0478515625,0.0126953125,0.158203125,0.13671875,0.140625,0.0947265625,0.3369140625,0.140625,0.0556640625,0.1494140625,0.0556640625,0.1416015625,0.1494140625,0.4609375,0.1796875,0.189453125,0.099609375,0.0400390625,0.0244140625,0.0986328125,0.2109375,0.16015625,0.0986328125,0.0107421875,0.1689453125,0.072265625,0.205078125,0.212890625,0.0517578125,0.09375,0.2109375,0.052734375,0.048828125,0.056640625,0.0947265625,0.115234375,0.1103515625,0.103515625,0.0810546875,0.1416015625,0.0576171875,0.0634765625,0.0498046875,0.056640625,0.1494140625,0.173828125,0.03125,0.1015625,0.0771484375,0.0263671875,0.1298828125,0.076171875,0.087890625,0.0712890625,0.087890625,0.1142578125,0.06640625,0.1494140625,0.07421875,0.1328125,0.095703125,0.099609375,0.091796875,0.0712890625,0.068359375,0.0615234375,0.060546875,0.060546875,0.099609375,0.123046875,0.08984375,0.0927734375,0.06640625,0.1416015625,0.0322265625,0.0947265625,0.138671875,0.099609375,0.0673828125,0.1572265625,0.0322265625,0.1640625
"Q22019",0.05078125,0.1484375,0.16796875,0.08984375,0.15625,0.1171875,0.1064453125,0.08984375,0.09765625,0.078125,0.0634765625,0.126953125,0.078125,0.0634765625,0.3046875,0.3583984375,0.359375,0.2939453125,1,0.298828125,0.2841796875,0.1767578125,0.09375,0.1357421875,0.3564453125,0.3642578125,0.1591796875,0.171875,0.1806640625,0.0927734375,0.08984375,0.111328125,0.40625,0.2138671875,0.1015625,0.1005859375,0.0888671875,0.0361328125,0.0703125,0.119140625,0.1318359375,0.125,0.0322265625,0.185546875,0.0693359375,0.1826171875,0.2392578125,0.01953125,0.046875,0.109375,0.0634765625,0.080078125,0.0595703125,0.0830078125,0.083984375,0.048828125,0.1220703125,0.064453125,0.095703125,0.0390625,0.04296875,0.126953125,0.1064453125,0.1318359375,0.1171875,0.0234375,0.052734375,0.0791015625,0.064453125,0.1337890625,0.103515625,0.1220703125,0.0712890625,0.1220703125,0.08984375,0.0654296875,0.0439453125,0.04296875,0.11328125,0.0166015625,0.0205078125,0.06640625,0.04296875,0.1171875,0.15625,0.03125,0.03125,0.0947265625,0.095703125,0.0625,0.0908203125,0.052734375,0.0849609375,0.02734375,0.076171875,0.1064453125,0.07421875,0.060546875,0.109375,0.0703125,0.123046875
"Q22020",0.08984375,0.12890625,0.1015625,0.15625,0.09765625,0.10546875,0.1025390625,0.08203125,0.05859375,0.27734375,0.0439453125,0.115234375,0.27734375,0.2822265625,0.2890625,0.3662109375,0.30078125,0.0478515625,0.298828125,1.015625,0.2919921875,0.1103515625,0.0234375,0.3427734375,0.3525390625,0.1728515625,0.0849609375,0.21484375,0.1103515625,0.0888671875,0.02734375,0.048828125,0.0625,0.1044921875,0.046875,0.0966796875,0.0927734375,0.0439453125,0.10546875,0.052734375,0.1669921875,0.1171875,0.0439453125,0.076171875,0.0498046875,0.1123046875,0.1298828125,0.0234375,0.0859375,0.0390625,0.0634765625,0.076171875,0.0478515625,0.1142578125,0.064453125,0.044921875,0.1064453125,0.048828125,0.119140625,0.04296875,0.046875,0.130859375,0.1142578125,0.0615234375,0.0546875,0.04296875,0.056640625,0.0712890625,0.060546875,0.1259765625,0.080078125,0.1220703125,0.0556640625,0.1220703125,0.09375,0.0615234375,0.0322265625,0.08203125,0.15234375,0.0244140625,0.0205078125,0.05859375,0.03125,0.1015625,0.1484375,0.015625,0.015625,0.0830078125,0.068359375,0.0546875,0.0595703125,0.048828125,0.0537109375,0.0859375,0.064453125,0.0712890625,0.0703125,0.033203125,0.04296875,0.05859375,0.056640625
"Q22021",0.05859375,0.1923828125,0.1884765625,0.05859375,0.01171875,0.015625,0.0166015625,0.0546875,0.015625,0.01953125,0.3095703125,0.083984375,0.01953125,0.3134765625,0.015625,0.35546875,0.291015625,0.0126953125,0.2841796875,0.2919921875,1.041015625,0.0791015625,0.009765625,0.1015625,0.3701171875,0.0830078125,0.09375,0.2431640625,0.1044921875,0.1015625,0.015625,0.0224609375,0.0078125,0.16796875,0.0126953125,0.0947265625,0.1015625,0.1259765625,0.01953125,0.0224609375,0.09765625,0.1337890625,0.048828125,0.142578125,0.1328125,0.0986328125,0.0791015625,0.015625,0.01171875,0.01171875,0.0517578125,0.146484375,0.0517578125,0.0478515625,0.0263671875,0.041015625,0.1201171875,0.015625,0.0185546875,0.0126953125,0.015625,0.119140625,0.0830078125,0.1171875,0.09375,0.01953125,0.041015625,0.115234375,0.1474609375,0.0361328125,0.072265625,0.0869140625,0.0517578125,0.0869140625,0.015625,0.12109375,0.0166015625,0.015625,0.015625,0.017578125,0.017578125,0.015625,0.01171875,0.0869140625,0.1298828125,0.0869140625,0.0869140625,0.0400390625,0.0185546875,0.0126953125,0.044921875,0.0341796875,0.06640625,0.05859375,0.0224609375,0.0595703125,0.01953125,0.0224609375,0.01953125,0.3603515625,0.0224609375
"Q22022",0.078125,0.1298828125,0.1533203125,0.05859375,0.1875,0.10546875,0.095703125,0.16015625,0.18359375,0.1015625,0.0703125,0.322265625,0.1015625,0.046875,0.14453125,0.3408203125,0.126953125,0.158203125,0.1767578125,0.1103515625,0.0791015625,1.0234375,0.271484375,0.0869140625,0.119140625,0.19921875,0.2861328125,0.1025390625,0.103515625,0.0634765625,0.30078125,0.0947265625,0.2109375,0.1142578125,0.0830078125,0.056640625,0.0634765625,0.03125,0.12109375,0.0986328125,0.1025390625,0.0673828125,0.0283203125,0.12109375,0.0830078125,0.087890625,0.25,0.05859375,0.07421875,0.09375,0.07421875,0.0703125,0.078125,0.09375,0.1103515625,0.083984375,0.05859375,0.111328125,0.1572265625,0.0634765625,0.0703125,0.1640625,0.16015625,0.1025390625,0.125,0.046875,0.076171875,0.0556640625,0.0322265625,0.140625,0.09375,0.1875,0.08203125,0.1875,0.125,0.0595703125,0.134765625,0.0546875,0.12109375,0.0341796875,0.0341796875,0.09375,0.05859375,0.1142578125,0.1884765625,0.0322265625,0.0322265625,0.125,0.1572265625,0.0869140625,0.0869140625,0.0634765625,0.0830078125,0.0390625,0.1337890625,0.1484375,0.08203125,0.0478515625,0.09765625,0.0283203125,0.0986328125
"Q22023",0.076171875,0.044921875,0.142578125,0.064453125,0.185546875,0.09765625,0.0859375,0.1640625,0.099609375,0.078125,0.064453125,0.0546875,0.078125,0.033203125,0.1171875,0.01171875,0.046875,0.13671875,0.09375,0.0234375,0.009765625,0.271484375,1.01953125,0.056640625,0.033203125,0.10546875,0.28125,0.021484375,0.076171875,0.046875,0.28515625,0.072265625,0.1875,0.103515625,0.1552734375,0.1240234375,0.048828125,0.033203125,0.04296875,0.0859375,0.078125,0.048828125,0.1064453125,0.09765625,0.05859375,0.1513671875,0.10546875,0.052734375,0.080078125,0.099609375,0.0390625,0.02734375,0.048828125,0.068359375,0.064453125,0.05078125,0.1123046875,0.1181640625,0.072265625,0.1103515625,0.0390625,0.02734375,0.03125,0.076171875,0.08203125,0.05859375,0.064453125,0.1064453125,0.1025390625,0.09765625,0.046875,0.060546875,0.072265625,0.060546875,0.095703125,0.052734375,0.11328125,0.046875,0.09375,0.0732421875,0.0810546875,0.046875,0.05859375,0.0390625,0.02734375,0.1318359375,0.1318359375,0.046875,0.05078125,0.1142578125,0.1337890625,0.072265625,0.078125,0.041015625,0.06640625,0.072265625,0.04296875,0.0703125,0.095703125,0.033203125,0.095703125
"Q22024",0.1640625,0.1630859375,0.1201171875,0.171875,0.140625,0.1953125,0.18359375,0.109375,0.17578125,0.359375,0.1181640625,0.1298828125,0.359375,0.2900390625,0.32421875,0.125,0.13671875,0.140625,0.1357421875,0.3427734375,0.1015625,0.0869140625,0.056640625,1.03125,0.3427734375,0.1494140625,0.119140625,0.1630859375,0.1435546875,0.091796875,0.05078125,0.0712890625,0.1171875,0.130859375,0.1259765625,0.2744140625,0.091796875,0.0322265625,0.12109375,0.1416015625,0.375,0.2861328125,0.029296875,0.091796875,0.064453125,0.1943359375,0.1064453125,0.01953125,0.12109375,0.12890625,0.0595703125,0.072265625,0.0400390625,0.1376953125,0.0947265625,0.0283203125,0.09375,0.064453125,0.1650390625,0.0478515625,0.046875,0.068359375,0.0556640625,0.095703125,0.1015625,0.03125,0.0400390625,0.083984375,0.0498046875,0.1298828125,0.076171875,0.0830078125,0.0634765625,0.0830078125,0.09375,0.072265625,0.0625,0.08984375,0.1640625,0.0244140625,0.0283203125,0.07421875,0.046875,0.0810546875,0.0771484375,0.0322265625,0.0322265625,0.0908203125,0.0947265625,0.0751953125,0.076171875,0.0595703125,0.123046875,0.08203125,0.0791015625,0.1142578125,0.08984375,0.0400390625,0.078125,0.0537109375,0.0947265625
"Q22025",0.08203125,0.2216796875,0.1982421875,0.03125,0.05078125,0.09765625,0.0908203125,0.03515625,0.125,0.09765625,0.115234375,0.1591796875,0.09765625,0.064453125,0.05078125,0.4208984375,0.3671875,0.0947265625,0.3564453125,0.3525390625,0.3701171875,0.119140625,0.033203125,0.3427734375,1.138671875,0.119140625,0.1728515625,0.2294921875,0.19140625,0.1572265625,0.0390625,0.0498046875,0.0546875,0.1650390625,0.0869140625,0.32421875,0.1611328125,0.052734375,0.046875,0.1083984375,0.3544921875,0.3642578125,0.0498046875,0.10546875,0.0830078125,0.220703125,0.119140625,0.01953125,0.05078125,0.09765625,0.068359375,0.1015625,0.056640625,0.080078125,0.0654296875,0.0419921875,0.1689453125,0.04296875,0.0732421875,0.0283203125,0.03125,0.13671875,0.099609375,0.0947265625,0.0625,0.01953125,0.0419921875,0.0693359375,0.0869140625,0.068359375,0.1015625,0.111328125,0.064453125,0.111328125,0.0234375,0.0791015625,0.0478515625,0.03125,0.03515625,0.017578125,0.025390625,0.046875,0.0390625,0.1201171875,0.1552734375,0.0244140625,0.0244140625,0.080078125,0.0615234375,0.0439453125,0.0654296875,0.0615234375,0.1298828125,0.01953125,0.0498046875,0.099609375,0.05078125,0.0341796875,0.05078125,0.0966796875,0.0576171875
"Q22026",0.07421875,0.0986328125,0.0947265625,0.11328125,0.18359375,0.15625,0.1416015625,0.1015625,0.1484375,0.16015625,0.0703125,0.1572265625,0.16015625,0.11328125,0.39453125,0.1845703125,0.193359375,0.3369140625,0.3642578125,0.1728515625,0.0830078125,0.19921875,0.10546875,0.1494140625,0.119140625,1.0546875,0.1064453125,0.2978515625,0.138671875,0.0361328125,0.1015625,0.1376953125,0.4609375,0.1806640625,0.140625,0.0556640625,0.0322265625,0.03125,0.15625,0.1533203125,0.0986328125,0.0634765625,0.0234375,0.1796875,0.0595703125,0.1572265625,0.28125,0.02734375,0.05859375,0.140625,0.0703125,0.06640625,0.05078125,0.0859375,0.1220703125,0.0478515625,0.056640625,0.0869140625,0.1298828125,0.0625,0.0703125,0.12890625,0.12890625,0.1376953125,0.15625,0.05078125,0.0673828125,0.1015625,0.0390625,0.1484375,0.09765625,0.15625,0.078125,0.15625,0.1015625,0.0712890625,0.0634765625,0.11328125,0.1875,0.0283203125,0.0244140625,0.10546875,0.05859375,0.1025390625,0.1494140625,0.03515625,0.03515625,0.12109375,0.1337890625,0.09765625,0.09765625,0.0556640625,0.0869140625,0.0390625,0.1142578125,0.12890625,0.12890625,0.0751953125,0.140625,0.0400390625,0.1650390625
"Q22027",0.12890625,0.1357421875,0.2294921875,0.0390625,0.17578125,0.14453125,0.078125,0.16015625,0.171875,0.1328125,0.1416015625,0.0712890625,0.1328125,0.0400390625,0.10546875,0.08984375,0.1171875,0.140625,0.1591796875,0.0849609375,0.09375,0.2861328125,0.28125,0.119140625,0.1728515625,0.1064453125,1.03125,0.0888671875,0.1435546875,0.28515625,0.28515625,0.0673828125,0.1796875,0.162109375,0.068359375,0.109375,0.103515625,0.0322265625,0.03515625,0.1455078125,0.146484375,0.1240234375,0.0263671875,0.123046875,0.080078125,0.140625,0.1103515625,0.0390625,0.07421875,0.09375,0.0400390625,0.052734375,0.0712890625,0.0947265625,0.0869140625,0.0517578125,0.1103515625,0.0458984375,0.0830078125,0.025390625,0.02734375,0.041015625,0.0283203125,0.095703125,0.078125,0.03515625,0.0595703125,0.0615234375,0.05078125,0.1025390625,0.083984375,0.1220703125,0.1533203125,0.1220703125,0.08984375,0.072265625,0.11328125,0.03515625,0.0859375,0.033203125,0.044921875,0.03515625,0.046875,0.0732421875,0.0576171875,0.052734375,0.052734375,0.0556640625,0.0595703125,0.033203125,0.0810546875,0.0791015625,0.150390625,0.03515625,0.0673828125,0.1025390625,0.046875,0.0712890625,0.08984375,0.0576171875,0.1494140625
"Q22028",0.06640625,0.14453125,0.1171875,0.06640625,0.0390625,0.0546875,0.0517578125,0.05078125,0.06640625,0.1015625,0.1298828125,0.115234375,0.1015625,0.1767578125,0.10546875,0.2314453125,0.177734375,0.0556640625,0.171875,0.21484375,0.2431640625,0.1025390625,0.021484375,0.1630859375,0.2294921875,0.2978515625,0.0888671875,1.017578125,0.1142578125,0.0927734375,0.02734375,0.052734375,0.0625,0.2900390625,0.0517578125,0.09765625,0.0927734375,0.1064453125,0.10546875,0.060546875,0.1123046875,0.12109375,0.041015625,0.091796875,0.1123046875,0.12109375,0.1220703125,0.0234375,0.02734375,0.046875,0.0595703125,0.087890625,0.0439453125,0.0517578125,0.068359375,0.041015625,0.103515625,0.0419921875,0.056640625,0.0361328125,0.04296875,0.123046875,0.1064453125,0.0810546875,0.1171875,0.046875,0.056640625,0.091796875,0.0771484375,0.0556640625,0.072265625,0.1220703125,0.0595703125,0.1220703125,0.02734375,0.0849609375,0.0361328125,0.0859375,0.08984375,0.029296875,0.025390625,0.0546875,0.03125,0.08984375,0.13671875,0.0791015625,0.0791015625,0.0712890625,0.060546875,0.0478515625,0.052734375,0.052734375,0.0693359375,0.0546875,0.064453125,0.0791015625,0.07421875,0.041015625,0.05078125,0.14453125,0.068359375
"Q22029",0.07421875,0.1689453125,0.1416015625,0.08984375,0.1328125,0.140625,0.1259765625,0.06640625,0.14453125,0.09375,0.087890625,0.0966796875,0.09375,0.056640625,0.1328125,0.1279296875,0.353515625,0.1494140625,0.1806640625,0.1103515625,0.1044921875,0.103515625,0.076171875,0.1435546875,0.19140625,0.138671875,0.1435546875,0.1142578125,1.017578125,0.1083984375,0.07421875,0.2939453125,0.203125,0.1787109375,0.1181640625,0.11328125,0.2587890625,0.029296875,0.06640625,0.1572265625,0.1591796875,0.1337890625,0.0224609375,0.140625,0.1708984375,0.20703125,0.150390625,0.02734375,0.06640625,0.13671875,0.060546875,0.078125,0.052734375,0.080078125,0.1806640625,0.0341796875,0.1044921875,0.115234375,0.1611328125,0.0400390625,0.0390625,0.0703125,0.048828125,0.2333984375,0.1875,0.01171875,0.0263671875,0.0771484375,0.0595703125,0.076171875,0.078125,0.080078125,0.064453125,0.080078125,0.05078125,0.1162109375,0.0712890625,0.03515625,0.05859375,0.017578125,0.029296875,0.06640625,0.046875,0.0908203125,0.0830078125,0.0478515625,0.0478515625,0.095703125,0.1533203125,0.0673828125,0.0888671875,0.0556640625,0.1240234375,0.0234375,0.1259765625,0.130859375,0.06640625,0.0791015625,0.16796875,0.0869140625,0.3056640625
"Q22030",0.09375,0.1162109375,0.1123046875,0.0234375,0.04296875,0.09375,0.0517578125,0.04296875,0.1171875,0.09375,0.1064453125,0.072265625,0.09375,0.0361328125,0.02734375,0.109375,0.09375,0.0556640625,0.0927734375,0.0888671875,0.1015625,0.0634765625,0.046875,0.091796875,0.1572265625,0.0361328125,0.28515625,0.0927734375,0.1083984375,1.0078125,0.29296875,0.2783203125,0.03125,0.087890625,0.099609375,0.15625,0.173828125,0.1142578125,0.109375,0.0947265625,0.099609375,0.1708984375,0.1669921875,0.056640625,0.068359375,0.09375,0.0478515625,0.29296875,0.046875,0.05078125,0.1767578125,0.126953125,0.3056640625,0.0634765625,0.0673828125,0.294921875,0.103515625,0.1044921875,0.0478515625,0.111328125,0.1171875,0.123046875,0.1142578125,0.060546875,0.0625,0.1640625,0.115234375,0.0537109375,0.11328125,0.0361328125,0.068359375,0.1142578125,0.1259765625,0.1142578125,0.09765625,0.056640625,0.1337890625,0.0546875,0.03515625,0.0615234375,0.0576171875,0.1640625,0.10546875,0.0615234375,0.0615234375,0.041015625,0.041015625,0.1181640625,0.1142578125,0.107421875,0.0693359375,0.0673828125,0.111328125,0.1015625,0.1103515625,0.0751953125,0.109375,0.1181640625,0.0703125,0.0537109375,0.0986328125
"Q22031",0.06640625,0.05859375,0.1484375,0.0390625,0.171875,0.07421875,0.0830078125,0.1640625,0.109375,0.0703125,0.05859375,0.0947265625,0.0703125,0.02734375,0.1015625,0.04296875,0.0390625,0.1416015625,0.08984375,0.02734375,0.015625,0.30078125,0.28515625,0.05078125,0.0390625,0.1015625,0.28515625,0.02734375,0.07421875,0.29296875,1.03125,0.3046875,0.1640625,0.08984375,0.126953125,0.111328125,0.1328125,0.10546875,0.12890625,0.06640625,0.0703125,0.109375,0.158203125,0.08984375,0.07421875,0.056640625,0.1171875,0.31640625,0.07421875,0.08203125,0.17578125,0.10546875,0.3046875,0.0703125,0.08203125,0.3212890625,0.0576171875,0.123046875,0.08203125,0.126953125,0.13671875,0.11328125,0.125,0.07421875,0.09375,0.19140625,0.1494140625,0.033203125,0.087890625,0.09765625,0.0546875,0.0859375,0.08203125,0.0859375,0.171875,0.0625,0.2080078125,0.07421875,0.10546875,0.0771484375,0.0693359375,0.18359375,0.12109375,0.05859375,0.05859375,0.052734375,0.052734375,0.1328125,0.140625,0.123046875,0.068359375,0.08984375,0.0625,0.09765625,0.14453125,0.07421875,0.109375,0.1015625,0.08984375,0.01953125,0.08203125
"Q22032",0.05859375,0.076171875,0.052734375,0.0859375,0.12109375,0.12109375,0.1259765625,0.05859375,0.1171875,0.08203125,0.0556640625,0.099609375,0.08203125,0.0439453125,0.1328125,0.0615234375,0.279296875,0.1494140625,0.111328125,0.048828125,0.0224609375,0.0947265625,0.072265625,0.0712890625,0.0498046875,0.1376953125,0.0673828125,0.052734375,0.2939453125,0.2783203125,0.3046875,1,0.1953125,0.1103515625,0.1767578125,0.111328125,0.1103515625,0.0986328125,0.15234375,0.1328125,0.0712890625,0.111328125,0.150390625,0.107421875,0.1103515625,0.123046875,0.1455078125,0.2890625,0.05859375,0.125,0.1806640625,0.115234375,0.2783203125,0.0556640625,0.140625,0.283203125,0.046875,0.1845703125,0.14453125,0.1298828125,0.13671875,0.123046875,0.1298828125,0.1650390625,0.140625,0.16796875,0.111328125,0.064453125,0.0927734375,0.0673828125,0.056640625,0.0830078125,0.0556640625,0.0830078125,0.11328125,0.1025390625,0.1455078125,0.078125,0.078125,0.060546875,0.052734375,0.203125,0.12109375,0.056640625,0.060546875,0.0478515625,0.0478515625,0.1494140625,0.21484375,0.1455078125,0.076171875,0.0546875,0.0830078125,0.09375,0.1953125,0.0986328125,0.14453125,0.13671875,0.1328125,0.044921875,0.30078125
"Q22033",0.09375,0.109375,0.15625,0.1640625,0.3046875,0.2265625,0.203125,0.171875,0.1875,0.140625,0.0859375,0.109375,0.140625,0.0703125,0.46875,0.0546875,0.1875,0.4609375,0.40625,0.0625,0.0078125,0.2109375,0.1875,0.1171875,0.0546875,0.4609375,0.1796875,0.0625,0.203125,0.03125,0.1640625,0.1953125,1.28125,0.4140625,0.1953125,0.0546875,0.015625,0.0078125,0.109375,0.21875,0.1171875,0.0546875,0,0.40625,0.0703125,0.2265625,0.4609375,0.015625,0.078125,0.2109375,0.0546875,0.0546875,0.0546875,0.109375,0.1328125,0.0390625,0.0625,0.1015625,0.1640625,0.0546875,0.0546875,0.0546875,0.0546875,0.203125,0.21875,0.015625,0.046875,0.1015625,0.03125,0.203125,0.1015625,0.09375,0.0859375,0.09375,0.15625,0.0625,0.0703125,0.0625,0.203125,0.015625,0.0234375,0.1015625,0.0625,0.09375,0.0859375,0.0546875,0.0546875,0.1171875,0.15625,0.1015625,0.1328125,0.0546875,0.109375,0.03125,0.1171875,0.15625,0.1171875,0.09375,0.203125,0.0390625,0.2265625
"Q22034",0.0859375,0.1552734375,0.1787109375,0.1171875,0.16015625,0.125,0.11328125,0.12109375,0.10546875,0.08203125,0.1455078125,0.0673828125,0.08203125,0.1337890625,0.1796875,0.1015625,0.171875,0.1796875,0.2138671875,0.1044921875,0.16796875,0.1142578125,0.103515625,0.130859375,0.1650390625,0.1806640625,0.162109375,0.2900390625,0.1787109375,0.087890625,0.08984375,0.1103515625,0.4140625,1.0078125,0.1064453125,0.0966796875,0.076171875,0.0830078125,0.05859375,0.1259765625,0.130859375,0.1123046875,0.017578125,0.318359375,0.123046875,0.1904296875,0.3017578125,0.01171875,0.046875,0.1171875,0.0439453125,0.076171875,0.0478515625,0.0751953125,0.0791015625,0.0322265625,0.109375,0.056640625,0.0908203125,0.0283203125,0.02734375,0.048828125,0.0322265625,0.146484375,0.1796875,0.01171875,0.0361328125,0.091796875,0.0693359375,0.1103515625,0.076171875,0.0595703125,0.0673828125,0.0595703125,0.08203125,0.076171875,0.04296875,0.03515625,0.10546875,0.0166015625,0.0244140625,0.05078125,0.03515625,0.0810546875,0.0732421875,0.0986328125,0.0986328125,0.0673828125,0.0830078125,0.0517578125,0.087890625,0.0517578125,0.091796875,0.046875,0.0673828125,0.1064453125,0.0625,0.0595703125,0.11328125,0.1435546875,0.1298828125
